  1

  1   2
  2   1

  1   2   3
  2   1   2
  3   2   1

  1   2   3   4
  2   1   2   3
  3   2   1   2
  4   3   2   1

  1   2   3   4   5
  2   1   2   3   4
  3   2   1   2   3
  4   3   2   1   2
  5   4   3   2   1

  1   2   3   4   5   6
  2   1   2   3   4   5
  3   2   1   2   3   4
  4   3   2   1   2   3
  5   4   3   2   1   2
  6   5   4   3   2   1

  1   2   3   4   5   6   7
  2   1   2   3   4   5   6
  3   2   1   2   3   4   5
  4   3   2   1   2   3   4
  5   4   3   2   1   2   3
  6   5   4   3   2   1   2
  7   6   5   4   3   2   1

  1   2   3   4   5   6   7   8
  2   1   2   3   4   5   6   7
  3   2   1   2   3   4   5   6
  4   3   2   1   2   3   4   5
  5   4   3   2   1   2   3   4
  6   5   4   3   2   1   2   3
  7   6   5   4   3   2   1   2
  8   7   6   5   4   3   2   1

  1   2   3   4   5   6   7   8   9
  2   1   2   3   4   5   6   7   8
  3   2   1   2   3   4   5   6   7
  4   3   2   1   2   3   4   5   6
  5   4   3   2   1   2   3   4   5
  6   5   4   3   2   1   2   3   4
  7   6   5   4   3   2   1   2   3
  8   7   6   5   4   3   2   1   2
  9   8   7   6   5   4   3   2   1

  1   2   3   4   5   6   7   8   9  10
  2   1   2   3   4   5   6   7   8   9
  3   2   1   2   3   4   5   6   7   8
  4   3   2   1   2   3   4   5   6   7
  5   4   3   2   1   2   3   4   5   6
  6   5   4   3   2   1   2   3   4   5
  7   6   5   4   3   2   1   2   3   4
  8   7   6   5   4   3   2   1   2   3
  9   8   7   6   5   4   3   2   1   2
 10   9   8   7   6   5   4   3   2   1

  1   2   3   4   5   6   7   8   9  10  11
  2   1   2   3   4   5   6   7   8   9  10
  3   2   1   2   3   4   5   6   7   8   9
  4   3   2   1   2   3   4   5   6   7   8
  5   4   3   2   1   2   3   4   5   6   7
  6   5   4   3   2   1   2   3   4   5   6
  7   6   5   4   3   2   1   2   3   4   5
  8   7   6   5   4   3   2   1   2   3   4
  9   8   7   6   5   4   3   2   1   2   3
 10   9   8   7   6   5   4   3   2   1   2
 11  10   9   8   7   6   5   4   3   2   1

